# comment line
5.026007385008786 -2.404407374822203 1.1170245693335958 -73.49507744882925 -0.73812049726328 265.0077746310695
-0.0025565309744104425 -0.0020600666688683766 0.002415019331149848 0.026886837859026125 -0.015569734779872446 -0.3543465642996334
0.3483506170819115 -0.46514043555876117 0.3576101588874814 -3.30156366431492 -1.8726661714506223 13.124665253299293
0.0006155274978185687 0.010130887405241706 -0.007807128446649658 0.034663889942377124 0.045747694516524606 -0.05855535938464204
0.6169663516658302 0.007034034071905504 -0.649440080892491 -5.56605488629208 5.373538202750322 23.232077273735747
-0.011343243891096977 -0.006311761483691614 0.005987074220047628 0.190807960720499 -0.031373077039175135 -0.5913656603719324
-0.5522068415311674 3.7168826844503626 -0.8186506126706352 27.78931150219739 30.309333369508437 -97.96614687573488
0.004092072775604527 -0.0012925229651592485 0.0030274066644873088 -0.12326171055797808 -0.04397350829848956 0.27283248895410267
0.8989739767775572 0.7541373167402025 -0.027500328357799253 2.1218063666024527 -1.6382327916205406 -6.204659432478397
-0.0055640265299723435 -0.0003947570392341948 0.00435310422004187 0.07242520308134115 -0.02162584359468589 0.17481634583113642
1.1514635276392178 0.2447859674057523 0.32696610555408334 -17.720848415457468 -2.805128081823056 73.3437701126436
-0.004781999585524499 -0.007994241483688436 -0.0020145375577416136 0.09306467080357295 0.03531185996088693 -0.3025748978779771
-2.101 10.295 -0.973 32.26 44.291 -73.098