T: 0.5, 1.5, 2.5, 3.5, 4.5, 5.5, 6.5, 7.5, 8.5, 9.5, 10.5, 11.5, 12.5, 13.5
H: 0.25, 0.75, 1.25, 1.75, 2.25, 2.75
d: 18.0
# Duyen Hai 106.70 E - 09.57 N 18 m Vietnam
# Wave energy potential assessment in the central and southern regions of the south china sea

0, 0, 0, 0, 0, 0, 0, 0, 0, 0, 0, 0, 0, 0
0, 0, 0, 0, 0, 0, 69, 41, 0, 0, 0, 0, 0, 0
0, 0, 0, 0, 1, 449, 928, 73, 4, 1, 0, 1, 0, 0
0, 0, 0, 11, 671, 991, 273, 19, 5, 8, 13, 11, 1, 0
0, 0, 236, 1522, 2232, 295, 24, 9, 13, 33, 33, 13, 2, 0
0, 0, 105, 359, 221, 17, 3, 1, 5, 18, 11, 1, 0, 0
